(121, 0.010303078962692466)
(124, 0.008188701014374083)
(126, 0.007004167149362422)
(129, 0.005514840763714726)
(130, 0.005086069231012701)
(131, 0.004687703384188438)
(134, 0.003656495880052896)
(135, 0.0033616864879322562)
(135, 0.0033616864879322562)
(137, 0.0028361366142959084)
(139, 0.00238677427596328)
(140, 0.002187491118182885)
(142, 0.0018340108300731598)
(142, 0.0018340108300731598)
(142, 0.0018340108300731598)
(142, 0.0018340108300731598)
(143, 0.0016777318282638809)
(143, 0.0016777318282638809)
(145, 0.0014013594188853921)
(146, 0.0012795459378999237)
(149, 0.0009703900052560061)
(150, 0.00088382630693505)
(151, 0.0008044815703484609)
(152, 0.0007318024188804728)
(153, 0.000665273382688759)
(156, 0.0004979554215032735)
(157, 0.0004515553957239617)
(158, 0.0004092231302281789)
(159, 0.00037062770120352125)
(159, 0.00037062770120352125)
(159, 0.00037062770120352125)
(163, 0.00024781885551435306)
(164, 0.00022374579372062055)
(166, 0.00018204621036700636)
(168, 0.00014774836023203364)
(169, 0.00013297990917335653)
(169, 0.00013297990917335653)
(172, 9.659341372218401e-05)
(175, 6.97695771959971e-05)
(175, 6.97695771959971e-05)
(177, 5.5991397225681906e-05)
(181, 3.5791057008347414e-05)
(182, 3.195282377442304e-05)
(181, 3.5791057008347414e-05)
(181, 3.5791057008347414e-05)
(180, 4.006529739295107e-05)
(180, 4.006529739295107e-05)
(179, 4.482195372807148e-05)
(178, 5.0112002886247675e-05)
(178, 5.0112002886247675e-05)
(177, 5.5991397225681906e-05)
(176, 6.252150377482026e-05)
(172, 9.659341372218401e-05)
(172, 9.659341372218401e-05)
(171, 0.00010752227742560714)
(170, 0.00011961288358102437)
(170, 0.00011961288358102437)
(169, 0.00013297990917335653)
(168, 0.00014774836023203364)
(166, 0.00018204621036700636)
(164, 0.00022374579372062055)
(163, 0.00024781885551435306)
(162, 0.0002743104674934012)
(160, 0.00033546262790251185)
(160, 0.00033546262790251185)
(160, 0.00033546262790251185)
(159, 0.00037062770120352125)
(158, 0.0004092231302281789)
(156, 0.0004979554215032735)
(155, 0.0005487802334320488)
(153, 0.000665273382688759)
(153, 0.000665273382688759)
(153, 0.000665273382688759)
(149, 0.0009703900052560061)
(149, 0.0009703900052560061)
(143, 0.0016777318282638809)
(143, 0.0016777318282638809)
(142, 0.0018340108300731598)
(141, 0.0020035944229487173)
(141, 0.0020035944229487173)
(140, 0.002187491118182885)
(138, 0.002602585252725403)
(136, 0.0030887154082367687)
(135, 0.0033616864879322562)
(130, 0.005086069231012701)
(129, 0.005514840763714726)
(128, 0.005976022895005943)
(122, 0.009549657395020308)
(120, 0.011108996538242306)
(119, 0.0119704699443895)
(116, 0.014920786069067842)
(116, 0.014920786069067842)
(115, 0.01603770927535055)
(113, 0.01849393386236907)
(110, 0.022794180883612344)
(109, 0.02440877695727191)
(108, 0.026121409853918233)
(108, 0.026121409853918233)
(107, 0.027936743088624462)
(106, 0.029859566641115533)
(104, 0.034047454734599344)
(103, 0.036322695961098245)
(100, 0.04393693362340742)
(100, 0.04393693362340742)
(99, 0.046756008847947915)
(99, 0.046756008847947915)
(98, 0.0497248734123496)
(97, 0.05284921077918517)
(94, 0.06321270307528885)
(93, 0.06701676278920729)
(92, 0.07100535373963698)
(91, 0.07518432604527113)
(91, 0.07518432604527113)
(90, 0.07955950871822769)
(90, 0.07955950871822769)
(87, 0.09391994579900442)
(86, 0.09913725251074738)
(85, 0.10457900128900145)
(84, 0.11025052530448522)
(83, 0.11615700635209689)
(82, 0.12230345334690061)
(82, 0.12230345334690061)
(81, 0.12869468021566227)
(80, 0.1353352832366127)
(79, 0.14222961788539537)
(79, 0.14222961788539537)
(78, 0.14938177525041801)
(77, 0.15679555808603973)
(77, 0.15679555808603973)
(75, 0.17242162389375282)
(74, 0.18063985161889398)
(72, 0.19789869908361465)
(71, 0.20694287292767763)
(70, 0.2162651668298873)
(67, 0.24590438437706766)
(66, 0.2563401514150736)
(66, 0.2563401514150736)
(63, 0.2892937994995617)
(63, 0.2892937994995617)
(60, 0.32465246735834974)
(59, 0.33695277229782516)
(59, 0.33695277229782516)
(58, 0.3495006001997565)
(58, 0.3495006001997565)
(57, 0.3622891967667557)
(56, 0.37531109885139957)
(56, 0.37531109885139957)
(55, 0.3885581275123641)
(54, 0.40202138309465485)
(54, 0.40202138309465485)
(53, 0.4156912424254272)
(50, 0.45783336177161427)
(50, 0.45783336177161427)
(49, 0.4722189612556538)
(48, 0.4867522559599717)
(48, 0.4867522559599717)
(48, 0.4867522559599717)
(47, 0.5014193510329404)
(47, 0.5014193510329404)
(47, 0.5014193510329404)
(44, 0.5460744266397094)
(43, 0.5611244848201744)
(41, 0.5913705321969812)
(39, 0.6216907477471932)
(38, 0.6368316143717432)
(37, 0.6519336408973454)
(36, 0.6669768108584744)
(31, 0.7405867511567519)
(24, 0.835270211411272)
(24, 0.835270211411272)
(22, 0.8596327636025423)
(22, 0.8596327636025423)
(21, 0.8712620380637395)
(20, 0.8824969025845955)
(19, 0.8933181415656826)
(18, 0.903707077873196)
(18, 0.903707077873196)
(17, 0.913645626396729)
(17, 0.913645626396729)
(14, 0.9405880633643421)
(12, 0.9559974818331)
(11, 0.9628934664913628)
(10, 0.9692332344763441)
(10, 0.9692332344763441)
(9, 0.9750051752984178)
(9, 0.9750051752984178)
(8, 0.9801986733067553)
(7, 0.9848041402180955)
(6, 0.9888130446112331)
(5, 0.9922179382602435)
(5, 0.9922179382602435)
(5, 0.9922179382602435)
(4, 0.9950124791926823)
(3, 0.9971914513728449)
(2, 0.9987507809245809)
(2, 0.9987507809245809)
(1, 0.9996875488230391)
(3, 0.9971914513728449)
(5, 0.9922179382602435)
(5, 0.9922179382602435)
(5, 0.9922179382602435)
(7, 0.9848041402180955)
(8, 0.9801986733067553)
(8, 0.9801986733067553)
(9, 0.9750051752984178)
(9, 0.9750051752984178)
(11, 0.9628934664913628)
(11, 0.9628934664913628)
(12, 0.9559974818331)
(12, 0.9559974818331)
(13, 0.948557850406423)
(13, 0.948557850406423)
(15, 0.9321024923595276)
(16, 0.9231163463866358)
(17, 0.913645626396729)
(18, 0.903707077873196)
(20, 0.8824969025845955)
(20, 0.8824969025845955)
(20, 0.8824969025845955)
(22, 0.8596327636025423)
(22, 0.8596327636025423)
(23, 0.8476287787021358)
(24, 0.835270211411272)
(26, 0.8095716486678869)
(26, 0.8095716486678869)
(27, 0.7962735471294193)
(27, 0.7962735471294193)
(28, 0.7827045382418681)
(28, 0.7827045382418681)
(29, 0.7688860499307919)
(29, 0.7688860499307919)
(30, 0.7548396019890073)
(32, 0.7261490370736909)
(32, 0.7261490370736909)
(33, 0.7115479292875367)
(34, 0.6968047754960348)
(34, 0.6968047754960348)
(34, 0.6968047754960348)
(36, 0.6669768108584744)
(37, 0.6519336408973454)
(38, 0.6368316143717432)
(39, 0.6216907477471932)
(41, 0.5913705321969812)
(42, 0.5762290736717999)
(43, 0.5611244848201744)
(44, 0.5460744266397094)
(44, 0.5460744266397094)
(45, 0.5310959910353452)
(46, 0.5162056739454963)
(48, 0.4867522559599717)
(52, 0.42955735821073915)
(52, 0.42955735821073915)
(54, 0.40202138309465485)
(55, 0.3885581275123641)
(56, 0.37531109885139957)
(58, 0.3495006001997565)
(58, 0.3495006001997565)
(60, 0.32465246735834974)
(62, 0.30081795435727554)
(63, 0.2892937994995617)
(63, 0.2892937994995617)
(63, 0.2892937994995617)
(66, 0.2563401514150736)
(67, 0.24590438437706766)
(67, 0.24590438437706766)
(68, 0.23574607655586352)
(69, 0.22586619783851447)
(69, 0.22586619783851447)
(74, 0.18063985161889398)
(74, 0.18063985161889398)
(77, 0.15679555808603973)
(77, 0.15679555808603973)
(77, 0.15679555808603973)
(79, 0.14222961788539537)
(81, 0.12869468021566227)
(83, 0.11615700635209689)
(85, 0.10457900128900145)
(86, 0.09913725251074738)
(87, 0.09391994579900442)
(89, 0.08413669343194795)
(90, 0.07955950871822769)
(90, 0.07955950871822769)
(91, 0.07518432604527113)
(93, 0.06701676278920729)
(95, 0.059587318761986086)
(95, 0.059587318761986086)
(96, 0.056134762834133725)
(96, 0.056134762834133725)
(97, 0.05284921077918517)
(97, 0.05284921077918517)
(98, 0.0497248734123496)
(99, 0.046756008847947915)
(99, 0.046756008847947915)
(101, 0.04126203298553197)
(101, 0.04126203298553197)
(104, 0.034047454734599344)
(106, 0.029859566641115533)
(106, 0.029859566641115533)
(107, 0.027936743088624462)
(110, 0.022794180883612344)
(111, 0.021273087559681585)
(111, 0.021273087559681585)
(113, 0.01849393386236907)
(115, 0.01603770927535055)
(115, 0.01603770927535055)
(116, 0.014920786069067842)
(118, 0.01289068914400147)
(119, 0.0119704699443895)
(119, 0.0119704699443895)
(119, 0.0119704699443895)
(120, 0.011108996538242306)
(121, 0.010303078962692466)
(121, 0.010303078962692466)
(122, 0.009549657395020308)
(124, 0.008188701014374083)
(124, 0.008188701014374083)
(124, 0.008188701014374083)
(126, 0.007004167149362422)
(126, 0.007004167149362422)
(127, 0.006471725588008009)
(127, 0.006471725588008009)
(128, 0.005976022895005943)
(129, 0.005514840763714726)
(129, 0.005514840763714726)
(132, 0.004317840007633078)
(132, 0.004317840007633078)
(136, 0.0030887154082367687)
(136, 0.0030887154082367687)
(140, 0.002187491118182885)
(140, 0.002187491118182885)
(142, 0.0018340108300731598)
(142, 0.0018340108300731598)
(150, 0.00088382630693505)
(151, 0.0008044815703484609)
(151, 0.0008044815703484609)
(153, 0.000665273382688759)
(153, 0.000665273382688759)
(155, 0.0005487802334320488)
(156, 0.0004979554215032735)
(157, 0.0004515553957239617)
(162, 0.0002743104674934012)
(163, 0.00024781885551435306)
(169, 0.00013297990917335653)
(170, 0.00011961288358102437)
(171, 0.00010752227742560714)
(172, 9.659341372218401e-05)
(172, 9.659341372218401e-05)
(174, 7.780926861553764e-05)
(179, 4.482195372807148e-05)
(179, 4.482195372807148e-05)
(181, 3.5791057008347414e-05)
(182, 3.195282377442304e-05)
(182, 3.195282377442304e-05)
(182, 3.195282377442304e-05)
(182, 3.195282377442304e-05)
(177, 5.5991397225681906e-05)
(177, 5.5991397225681906e-05)
(176, 6.252150377482026e-05)
(175, 6.97695771959971e-05)
(174, 7.780926861553764e-05)
(174, 7.780926861553764e-05)
(174, 7.780926861553764e-05)
(172, 9.659341372218401e-05)
(170, 0.00011961288358102437)
(170, 0.00011961288358102437)
(165, 0.0002018849656009158)
(162, 0.0002743104674934012)
(162, 0.0002743104674934012)
(158, 0.0004092231302281789)
(158, 0.0004092231302281789)
(156, 0.0004979554215032735)
(156, 0.0004979554215032735)
(154, 0.0006044147037595555)
(154, 0.0006044147037595555)
(153, 0.000665273382688759)
(152, 0.0007318024188804728)
(151, 0.0008044815703484609)
(151, 0.0008044815703484609)
(151, 0.0008044815703484609)
(147, 0.0011675911484396373)
(145, 0.0014013594188853921)
(145, 0.0014013594188853921)
(145, 0.0014013594188853921)
(143, 0.0016777318282638809)
(143, 0.0016777318282638809)
(143, 0.0016777318282638809)
(142, 0.0018340108300731598)
(140, 0.002187491118182885)
(139, 0.00238677427596328)
(138, 0.002602585252725403)
(136, 0.0030887154082367687)
(135, 0.0033616864879322562)
(135, 0.0033616864879322562)
(134, 0.003656495880052896)
(133, 0.003974674186084996)
(132, 0.004317840007633078)
(132, 0.004317840007633078)
(131, 0.004687703384188438)
(130, 0.005086069231012701)
(130, 0.005086069231012701)
(129, 0.005514840763714726)
(127, 0.006471725588008009)
(126, 0.007004167149362422)
(126, 0.007004167149362422)
(123, 0.008845800078554643)
(122, 0.009549657395020308)
(120, 0.011108996538242306)
(120, 0.011108996538242306)
(118, 0.01289068914400147)
(116, 0.014920786069067842)
(116, 0.014920786069067842)
(115, 0.01603770927535055)
(112, 0.019841094744370288)
(112, 0.019841094744370288)
(111, 0.021273087559681585)
(111, 0.021273087559681585)
(110, 0.022794180883612344)
(110, 0.022794180883612344)
(108, 0.026121409853918233)
(107, 0.027936743088624462)
(106, 0.029859566641115533)
(105, 0.0318947933621571)
(103, 0.036322695961098245)
(102, 0.03872577035166435)
(102, 0.03872577035166435)
(101, 0.04126203298553197)
(101, 0.04126203298553197)
(100, 0.04393693362340742)
(100, 0.04393693362340742)
(100, 0.04393693362340742)
(98, 0.0497248734123496)
(98, 0.0497248734123496)
(98, 0.0497248734123496)
(96, 0.056134762834133725)
(91, 0.07518432604527113)
(91, 0.07518432604527113)
(88, 0.08892161745938634)
(88, 0.08892161745938634)
(85, 0.10457900128900145)
(83, 0.11615700635209689)
(81, 0.12869468021566227)
(80, 0.1353352832366127)
(77, 0.15679555808603973)
(77, 0.15679555808603973)
(76, 0.1644744565771549)
(76, 0.1644744565771549)
(75, 0.17242162389375282)
(73, 0.18913154513822555)
(69, 0.22586619783851447)
(69, 0.22586619783851447)
(68, 0.23574607655586352)
(68, 0.23574607655586352)
(66, 0.2563401514150736)
(65, 0.26705183522634335)
(64, 0.27803730045319414)
(63, 0.2892937994995617)
(62, 0.30081795435727554)
(61, 0.3126057396996554)
(59, 0.33695277229782516)
(58, 0.3495006001997565)
(56, 0.37531109885139957)
(56, 0.37531109885139957)
(55, 0.3885581275123641)
(54, 0.40202138309465485)
(53, 0.4156912424254272)
(52, 0.42955735821073915)
(50, 0.45783336177161427)
(50, 0.45783336177161427)
(48, 0.4867522559599717)
(48, 0.4867522559599717)
(46, 0.5162056739454963)
(44, 0.5460744266397094)
(42, 0.5762290736717999)
(36, 0.6669768108584744)
(35, 0.6819407511903481)
(34, 0.6968047754960348)
(32, 0.7261490370736909)
(31, 0.7405867511567519)
(30, 0.7548396019890073)
(29, 0.7688860499307919)
(27, 0.7962735471294193)
(23, 0.8476287787021358)
(22, 0.8596327636025423)
(16, 0.9231163463866358)
(16, 0.9231163463866358)
(11, 0.9628934664913628)
(10, 0.9692332344763441)
(7, 0.9848041402180955)
(7, 0.9848041402180955)
(6, 0.9888130446112331)
(5, 0.9922179382602435)
(5, 0.9922179382602435)
(4, 0.9950124791926823)
(4, 0.9950124791926823)
(2, 0.9987507809245809)
(1, 0.9996875488230391)
(1, 0.9996875488230391)
(1, 0.9996875488230391)
(4, 0.9950124791926823)
(5, 0.9922179382602435)
(5, 0.9922179382602435)
(5, 0.9922179382602435)
(7, 0.9848041402180955)
(8, 0.9801986733067553)
(8, 0.9801986733067553)
(9, 0.9750051752984178)
(10, 0.9692332344763441)
(13, 0.948557850406423)
(14, 0.9405880633643421)
(15, 0.9321024923595276)
(15, 0.9321024923595276)
(17, 0.913645626396729)
(19, 0.8933181415656826)
(22, 0.8596327636025423)
(22, 0.8596327636025423)
(23, 0.8476287787021358)
(25, 0.8225775623986646)
(26, 0.8095716486678869)
(26, 0.8095716486678869)
(29, 0.7688860499307919)
(30, 0.7548396019890073)
(32, 0.7261490370736909)
(36, 0.6669768108584744)
(37, 0.6519336408973454)
(37, 0.6519336408973454)
(38, 0.6368316143717432)
(38, 0.6368316143717432)
(40, 0.6065306597126334)
(42, 0.5762290736717999)
(44, 0.5460744266397094)
(44, 0.5460744266397094)
(44, 0.5460744266397094)
(48, 0.4867522559599717)
(49, 0.4722189612556538)
(52, 0.42955735821073915)
(53, 0.4156912424254272)
(57, 0.3622891967667557)
(59, 0.33695277229782516)
(63, 0.2892937994995617)
(63, 0.2892937994995617)
(63, 0.2892937994995617)
(66, 0.2563401514150736)
(66, 0.2563401514150736)
(68, 0.23574607655586352)
(68, 0.23574607655586352)
(70, 0.2162651668298873)
(71, 0.20694287292767763)
(72, 0.19789869908361465)
(73, 0.18913154513822555)
(75, 0.17242162389375282)
(75, 0.17242162389375282)
(76, 0.1644744565771549)
(78, 0.14938177525041801)
(78, 0.14938177525041801)
(80, 0.1353352832366127)
(81, 0.12869468021566227)
(83, 0.11615700635209689)
(84, 0.11025052530448522)
(85, 0.10457900128900145)
(86, 0.09913725251074738)
(87, 0.09391994579900442)
(88, 0.08892161745938634)
(89, 0.08413669343194795)
(89, 0.08413669343194795)
(90, 0.07955950871822769)
(93, 0.06701676278920729)
(93, 0.06701676278920729)
(94, 0.06321270307528885)
(97, 0.05284921077918517)
(98, 0.0497248734123496)
(98, 0.0497248734123496)
(99, 0.046756008847947915)
(102, 0.03872577035166435)
(102, 0.03872577035166435)
(104, 0.034047454734599344)
(104, 0.034047454734599344)
(106, 0.029859566641115533)
(106, 0.029859566641115533)
(107, 0.027936743088624462)
(107, 0.027936743088624462)
(107, 0.027936743088624462)
(107, 0.027936743088624462)
(111, 0.021273087559681585)
(115, 0.01603770927535055)
(116, 0.014920786069067842)
(117, 0.013872976053607142)
(118, 0.01289068914400147)
(118, 0.01289068914400147)
(119, 0.0119704699443895)
(119, 0.0119704699443895)
(121, 0.010303078962692466)
(121, 0.010303078962692466)
(123, 0.008845800078554643)
(123, 0.008845800078554643)
(124, 0.008188701014374083)
(125, 0.0075756774442599355)
(127, 0.006471725588008009)
(128, 0.005976022895005943)
(129, 0.005514840763714726)
(130, 0.005086069231012701)
(130, 0.005086069231012701)
(131, 0.004687703384188438)
(132, 0.004317840007633078)
(132, 0.004317840007633078)
(133, 0.003974674186084996)
(137, 0.0028361366142959084)
(140, 0.002187491118182885)
(140, 0.002187491118182885)
(143, 0.0016777318282638809)
(143, 0.0016777318282638809)
(144, 0.001533810679324463)
(147, 0.0011675911484396373)
(147, 0.0011675911484396373)
(147, 0.0011675911484396373)
(150, 0.00088382630693505)
(151, 0.0008044815703484609)
(151, 0.0008044815703484609)
(153, 0.000665273382688759)
(153, 0.000665273382688759)
(154, 0.0006044147037595555)
(156, 0.0004979554215032735)
(158, 0.0004092231302281789)
(160, 0.00033546262790251185)
(161, 0.0003034442969179204)
(161, 0.0003034442969179204)
(167, 0.00016405439636221056)
(167, 0.00016405439636221056)
(168, 0.00014774836023203364)
(170, 0.00011961288358102437)
(170, 0.00011961288358102437)
(171, 0.00010752227742560714)
(172, 9.659341372218401e-05)
(172, 9.659341372218401e-05)
(173, 8.672117248599528e-05)
(174, 7.780926861553764e-05)
(175, 6.97695771959971e-05)
(176, 6.252150377482026e-05)
(177, 5.5991397225681906e-05)
(180, 4.006529739295107e-05)
(181, 3.5791057008347414e-05)
(182, 3.195282377442304e-05)
(180, 4.006529739295107e-05)
(179, 4.482195372807148e-05)
(179, 4.482195372807148e-05)
(178, 5.0112002886247675e-05)
(178, 5.0112002886247675e-05)
(177, 5.5991397225681906e-05)
(173, 8.672117248599528e-05)
(170, 0.00011961288358102437)
(169, 0.00013297990917335653)
(166, 0.00018204621036700636)
(164, 0.00022374579372062055)
(161, 0.0003034442969179204)
(161, 0.0003034442969179204)
(160, 0.00033546262790251185)
(158, 0.0004092231302281789)
(157, 0.0004515553957239617)
(155, 0.0005487802334320488)
(151, 0.0008044815703484609)
(150, 0.00088382630693505)
(150, 0.00088382630693505)
(148, 0.0010647662366679205)
(147, 0.0011675911484396373)
(145, 0.0014013594188853921)
(142, 0.0018340108300731598)
(141, 0.0020035944229487173)
(141, 0.0020035944229487173)
(140, 0.002187491118182885)
(138, 0.002602585252725403)
(133, 0.003974674186084996)
(133, 0.003974674186084996)
(131, 0.004687703384188438)
(131, 0.004687703384188438)
(131, 0.004687703384188438)
(128, 0.005976022895005943)
(128, 0.005976022895005943)
(126, 0.007004167149362422)
(125, 0.0075756774442599355)
(124, 0.008188701014374083)
(120, 0.011108996538242306)
(118, 0.01289068914400147)
(117, 0.013872976053607142)
(116, 0.014920786069067842)
(115, 0.01603770927535055)
(115, 0.01603770927535055)
(112, 0.019841094744370288)
(111, 0.021273087559681585)
(110, 0.022794180883612344)
(102, 0.03872577035166435)
(101, 0.04126203298553197)
(97, 0.05284921077918517)
(95, 0.059587318761986086)
(95, 0.059587318761986086)
(181, 3.5791057008347414e-05)
(182, 3.195282377442304e-05)
(181, 3.5791057008347414e-05)
(173, 8.672117248599528e-05)
(171, 0.00010752227742560714)
(168, 0.00014774836023203364)
(164, 0.00022374579372062055)
(161, 0.0003034442969179204)
(160, 0.00033546262790251185)
(160, 0.00033546262790251185)
(158, 0.0004092231302281789)
(155, 0.0005487802334320488)
(154, 0.0006044147037595555)
(153, 0.000665273382688759)
(149, 0.0009703900052560061)
(142, 0.0018340108300731598)
(140, 0.002187491118182885)
(137, 0.0028361366142959084)
(137, 0.0028361366142959084)
(132, 0.004317840007633078)
(130, 0.005086069231012701)
(129, 0.005514840763714726)
(123, 0.008845800078554643)
(120, 0.011108996538242306)
(116, 0.014920786069067842)
(116, 0.014920786069067842)
(113, 0.01849393386236907)
(106, 0.029859566641115533)
(105, 0.0318947933621571)
(104, 0.034047454734599344)
(102, 0.03872577035166435)
(89, 0.08413669343194795)
(88, 0.08892161745938634)
(88, 0.08892161745938634)
(87, 0.09391994579900442)
(86, 0.09913725251074738)
(85, 0.10457900128900145)
(78, 0.14938177525041801)
(73, 0.18913154513822555)
(73, 0.18913154513822555)
(71, 0.20694287292767763)
(67, 0.24590438437706766)
(63, 0.2892937994995617)
(62, 0.30081795435727554)
(59, 0.33695277229782516)
(58, 0.3495006001997565)
(58, 0.3495006001997565)
(57, 0.3622891967667557)
(55, 0.3885581275123641)
(53, 0.4156912424254272)
(50, 0.45783336177161427)
(48, 0.4867522559599717)
(43, 0.5611244848201744)
(41, 0.5913705321969812)
(41, 0.5913705321969812)
(36, 0.6669768108584744)
(34, 0.6968047754960348)
(24, 0.835270211411272)
(24, 0.835270211411272)
(19, 0.8933181415656826)
(17, 0.913645626396729)
(15, 0.9321024923595276)
(14, 0.9405880633643421)
(13, 0.948557850406423)
(13, 0.948557850406423)
(8, 0.9801986733067553)
(5, 0.9922179382602435)
(4, 0.9950124791926823)
(3, 0.9971914513728449)
(1, 0.9996875488230391)
(2, 0.9987507809245809)
(10, 0.9692332344763441)
(15, 0.9321024923595276)
(16, 0.9231163463866358)
(17, 0.913645626396729)
(21, 0.8712620380637395)
(22, 0.8596327636025423)
(29, 0.7688860499307919)
(40, 0.6065306597126334)
(45, 0.5310959910353452)
(46, 0.5162056739454963)
(47, 0.5014193510329404)
(53, 0.4156912424254272)
(54, 0.40202138309465485)
(57, 0.3622891967667557)
(65, 0.26705183522634335)
(69, 0.22586619783851447)
(71, 0.20694287292767763)
(72, 0.19789869908361465)
(74, 0.18063985161889398)
(80, 0.1353352832366127)
(81, 0.12869468021566227)
(81, 0.12869468021566227)
(94, 0.06321270307528885)
(96, 0.056134762834133725)
(97, 0.05284921077918517)
(97, 0.05284921077918517)
(98, 0.0497248734123496)
(100, 0.04393693362340742)
(103, 0.036322695961098245)
(105, 0.0318947933621571)
(107, 0.027936743088624462)
(109, 0.02440877695727191)
(113, 0.01849393386236907)
(115, 0.01603770927535055)
(115, 0.01603770927535055)
(116, 0.014920786069067842)
(118, 0.01289068914400147)
(124, 0.008188701014374083)
(126, 0.007004167149362422)
(134, 0.003656495880052896)
(135, 0.0033616864879322562)
(136, 0.0030887154082367687)
(137, 0.0028361366142959084)
(140, 0.002187491118182885)
(141, 0.0020035944229487173)
(150, 0.00088382630693505)
(160, 0.00033546262790251185)
(164, 0.00022374579372062055)
(171, 0.00010752227742560714)
(173, 8.672117248599528e-05)
(175, 6.97695771959971e-05)
(175, 6.97695771959971e-05)
(179, 4.482195372807148e-05)
(182, 3.195282377442304e-05)
(180, 4.006529739295107e-05)
(178, 5.0112002886247675e-05)
(176, 6.252150377482026e-05)
(171, 0.00010752227742560714)
(168, 0.00014774836023203364)
(162, 0.0002743104674934012)
(161, 0.0003034442969179204)
(160, 0.00033546262790251185)
(156, 0.0004979554215032735)
(149, 0.0009703900052560061)
(148, 0.0010647662366679205)
(145, 0.0014013594188853921)
(143, 0.0016777318282638809)
(140, 0.002187491118182885)
(135, 0.0033616864879322562)
(134, 0.003656495880052896)
(127, 0.006471725588008009)
(127, 0.006471725588008009)
(122, 0.009549657395020308)
(121, 0.010303078962692466)
(121, 0.010303078962692466)
(120, 0.011108996538242306)
(114, 0.017227471311635108)
(110, 0.022794180883612344)
(103, 0.036322695961098245)
(100, 0.04393693362340742)
(93, 0.06701676278920729)
(84, 0.11025052530448522)
(82, 0.12230345334690061)
(80, 0.1353352832366127)
(79, 0.14222961788539537)
(79, 0.14222961788539537)
(77, 0.15679555808603973)
(76, 0.1644744565771549)
(76, 0.1644744565771549)
(75, 0.17242162389375282)
(75, 0.17242162389375282)
(71, 0.20694287292767763)
(69, 0.22586619783851447)
(62, 0.30081795435727554)
(62, 0.30081795435727554)
(58, 0.3495006001997565)
(54, 0.40202138309465485)
(51, 0.4436086607117718)
(51, 0.4436086607117718)
(47, 0.5014193510329404)
(46, 0.5162056739454963)
(44, 0.5460744266397094)
(36, 0.6669768108584744)
(33, 0.7115479292875367)
(32, 0.7261490370736909)
(27, 0.7962735471294193)
(26, 0.8095716486678869)
(25, 0.8225775623986646)
(21, 0.8712620380637395)
(17, 0.913645626396729)
(17, 0.913645626396729)
(13, 0.948557850406423)
(9, 0.9750051752984178)
(5, 0.9922179382602435)
(4, 0.9950124791926823)
(1, 0.9996875488230391)
(1, 0.9996875488230391)
(1, 0.9996875488230391)
(4, 0.9950124791926823)
(6, 0.9888130446112331)
(10, 0.9692332344763441)
(10, 0.9692332344763441)
(12, 0.9559974818331)
(13, 0.948557850406423)
(14, 0.9405880633643421)
(15, 0.9321024923595276)
(22, 0.8596327636025423)
(32, 0.7261490370736909)
(32, 0.7261490370736909)
(33, 0.7115479292875367)
(35, 0.6819407511903481)
(38, 0.6368316143717432)
(41, 0.5913705321969812)
(43, 0.5611244848201744)
(44, 0.5460744266397094)
(45, 0.5310959910353452)
(46, 0.5162056739454963)
(48, 0.4867522559599717)
(53, 0.4156912424254272)
(59, 0.33695277229782516)
(71, 0.20694287292767763)
(73, 0.18913154513822555)
(79, 0.14222961788539537)
(85, 0.10457900128900145)
(85, 0.10457900128900145)
(89, 0.08413669343194795)
(92, 0.07100535373963698)
(99, 0.046756008847947915)
(103, 0.036322695961098245)
(111, 0.021273087559681585)
(113, 0.01849393386236907)
(114, 0.017227471311635108)
(115, 0.01603770927535055)
(124, 0.008188701014374083)
(137, 0.0028361366142959084)
(138, 0.002602585252725403)
(141, 0.0020035944229487173)
(141, 0.0020035944229487173)
(146, 0.0012795459378999237)
(147, 0.0011675911484396373)
(147, 0.0011675911484396373)
(158, 0.0004092231302281789)
(159, 0.00037062770120352125)
(159, 0.00037062770120352125)
(163, 0.00024781885551435306)
(180, 4.006529739295107e-05)
(182, 3.195282377442304e-05)
(176, 6.252150377482026e-05)
(163, 0.00024781885551435306)
(162, 0.0002743104674934012)
(156, 0.0004979554215032735)
(155, 0.0005487802334320488)
(149, 0.0009703900052560061)
(141, 0.0020035944229487173)
(122, 0.009549657395020308)
(121, 0.010303078962692466)
(120, 0.011108996538242306)
(116, 0.014920786069067842)
(116, 0.014920786069067842)
(116, 0.014920786069067842)
(114, 0.017227471311635108)
(114, 0.017227471311635108)
(113, 0.01849393386236907)
(109, 0.02440877695727191)
(104, 0.034047454734599344)
(103, 0.036322695961098245)
(96, 0.056134762834133725)
(95, 0.059587318761986086)
(90, 0.07955950871822769)
(85, 0.10457900128900145)
(83, 0.11615700635209689)
(80, 0.1353352832366127)
(80, 0.1353352832366127)
(78, 0.14938177525041801)
(76, 0.1644744565771549)
(75, 0.17242162389375282)
(72, 0.19789869908361465)
(71, 0.20694287292767763)
(69, 0.22586619783851447)
(66, 0.2563401514150736)
(64, 0.27803730045319414)
(62, 0.30081795435727554)
(61, 0.3126057396996554)
(60, 0.32465246735834974)
(60, 0.32465246735834974)
(54, 0.40202138309465485)
(51, 0.4436086607117718)
(50, 0.45783336177161427)
(44, 0.5460744266397094)
(43, 0.5611244848201744)
(38, 0.6368316143717432)
(29, 0.7688860499307919)
(28, 0.7827045382418681)
(25, 0.8225775623986646)
(22, 0.8596327636025423)
(21, 0.8712620380637395)
(18, 0.903707077873196)
(17, 0.913645626396729)
(13, 0.948557850406423)
(11, 0.9628934664913628)
(10, 0.9692332344763441)
(9, 0.9750051752984178)
(7, 0.9848041402180955)
(5, 0.9922179382602435)
(28, 0.7827045382418681)
(31, 0.7405867511567519)
(32, 0.7261490370736909)
(32, 0.7261490370736909)
(37, 0.6519336408973454)
(41, 0.5913705321969812)
(44, 0.5460744266397094)
(44, 0.5460744266397094)
(49, 0.4722189612556538)
(55, 0.3885581275123641)
(64, 0.27803730045319414)
(65, 0.26705183522634335)
(65, 0.26705183522634335)
(67, 0.24590438437706766)
(67, 0.24590438437706766)
(68, 0.23574607655586352)
(70, 0.2162651668298873)
(76, 0.1644744565771549)
(81, 0.12869468021566227)
(83, 0.11615700635209689)
(88, 0.08892161745938634)
(92, 0.07100535373963698)
(93, 0.06701676278920729)
(94, 0.06321270307528885)
(106, 0.029859566641115533)
(108, 0.026121409853918233)
(111, 0.021273087559681585)
(116, 0.014920786069067842)
(119, 0.0119704699443895)
(120, 0.011108996538242306)
(122, 0.009549657395020308)
(127, 0.006471725588008009)
(130, 0.005086069231012701)
(132, 0.004317840007633078)
(134, 0.003656495880052896)
(142, 0.0018340108300731598)
(144, 0.001533810679324463)
(145, 0.0014013594188853921)
(147, 0.0011675911484396373)
(148, 0.0010647662366679205)
(149, 0.0009703900052560061)
(150, 0.00088382630693505)
(153, 0.000665273382688759)
(153, 0.000665273382688759)
(157, 0.0004515553957239617)
(158, 0.0004092231302281789)
(166, 0.00018204621036700636)
(170, 0.00011961288358102437)
(178, 5.0112002886247675e-05)
(179, 4.482195372807148e-05)
(174, 7.780926861553764e-05)
(165, 0.0002018849656009158)
(161, 0.0003034442969179204)
(160, 0.00033546262790251185)
(155, 0.0005487802334320488)
(150, 0.00088382630693505)
(148, 0.0010647662366679205)
(143, 0.0016777318282638809)
(140, 0.002187491118182885)
(133, 0.003974674186084996)
(132, 0.004317840007633078)
(126, 0.007004167149362422)
(125, 0.0075756774442599355)
(123, 0.008845800078554643)
(121, 0.010303078962692466)
(121, 0.010303078962692466)
(119, 0.0119704699443895)
(119, 0.0119704699443895)
(106, 0.029859566641115533)
(105, 0.0318947933621571)
(97, 0.05284921077918517)
(93, 0.06701676278920729)
(90, 0.07955950871822769)
(85, 0.10457900128900145)
(83, 0.11615700635209689)
(82, 0.12230345334690061)
(78, 0.14938177525041801)
(78, 0.14938177525041801)
(68, 0.23574607655586352)
(61, 0.3126057396996554)
(56, 0.37531109885139957)
(52, 0.42955735821073915)
(39, 0.6216907477471932)
(37, 0.6519336408973454)
(36, 0.6669768108584744)
(36, 0.6669768108584744)
(33, 0.7115479292875367)
(31, 0.7405867511567519)
(18, 0.903707077873196)
(17, 0.913645626396729)
(16, 0.9231163463866358)
(14, 0.9405880633643421)
(11, 0.9628934664913628)
(8, 0.9801986733067553)
(5, 0.9922179382602435)
(1, 0.9996875488230391)
(1, 0.9996875488230391)
(1, 0.9996875488230391)
(2, 0.9987507809245809)
(8, 0.9801986733067553)
(10, 0.9692332344763441)
(14, 0.9405880633643421)
(18, 0.903707077873196)
(19, 0.8933181415656826)
(33, 0.7115479292875367)
(36, 0.6669768108584744)
(39, 0.6216907477471932)
(48, 0.4867522559599717)
(50, 0.45783336177161427)
(50, 0.45783336177161427)
(51, 0.4436086607117718)
(57, 0.3622891967667557)
(61, 0.3126057396996554)
(62, 0.30081795435727554)
(64, 0.27803730045319414)
(65, 0.26705183522634335)
(65, 0.26705183522634335)
(69, 0.22586619783851447)
(76, 0.1644744565771549)
(87, 0.09391994579900442)
(89, 0.08413669343194795)
(89, 0.08413669343194795)
(90, 0.07955950871822769)
(94, 0.06321270307528885)
(99, 0.046756008847947915)
(101, 0.04126203298553197)
(103, 0.036322695961098245)
(105, 0.0318947933621571)
(107, 0.027936743088624462)
(112, 0.019841094744370288)
(119, 0.0119704699443895)
(119, 0.0119704699443895)
(126, 0.007004167149362422)
(126, 0.007004167149362422)
(127, 0.006471725588008009)
(131, 0.004687703384188438)
(132, 0.004317840007633078)
(141, 0.0020035944229487173)
(141, 0.0020035944229487173)
(143, 0.0016777318282638809)
(151, 0.0008044815703484609)
(161, 0.0003034442969179204)
(172, 9.659341372218401e-05)
(173, 8.672117248599528e-05)
(176, 6.252150377482026e-05)
(179, 4.482195372807148e-05)
(181, 3.5791057008347414e-05)
(178, 5.0112002886247675e-05)
(177, 5.5991397225681906e-05)
(176, 6.252150377482026e-05)
(175, 6.97695771959971e-05)
(170, 0.00011961288358102437)
(166, 0.00018204621036700636)
(162, 0.0002743104674934012)
(157, 0.0004515553957239617)
(155, 0.0005487802334320488)
(154, 0.0006044147037595555)
(143, 0.0016777318282638809)
(136, 0.0030887154082367687)
(131, 0.004687703384188438)
(129, 0.005514840763714726)
(127, 0.006471725588008009)
(125, 0.0075756774442599355)
(119, 0.0119704699443895)
(118, 0.01289068914400147)
(117, 0.013872976053607142)
(114, 0.017227471311635108)
(111, 0.021273087559681585)
(101, 0.04126203298553197)
(99, 0.046756008847947915)
(94, 0.06321270307528885)
(93, 0.06701676278920729)
(92, 0.07100535373963698)
(80, 0.1353352832366127)
(76, 0.1644744565771549)
(67, 0.24590438437706766)
(65, 0.26705183522634335)
(63, 0.2892937994995617)
(50, 0.45783336177161427)
(50, 0.45783336177161427)
(48, 0.4867522559599717)
(37, 0.6519336408973454)
(35, 0.6819407511903481)
(31, 0.7405867511567519)
(24, 0.835270211411272)
(23, 0.8476287787021358)
(17, 0.913645626396729)
(16, 0.9231163463866358)
(15, 0.9321024923595276)
(14, 0.9405880633643421)
(12, 0.9559974818331)
(9, 0.9750051752984178)
(8, 0.9801986733067553)
(6, 0.9888130446112331)
(2, 0.9987507809245809)
(1, 0.9996875488230391)
(4, 0.9950124791926823)
(10, 0.9692332344763441)
(12, 0.9559974818331)
(15, 0.9321024923595276)
(17, 0.913645626396729)
(19, 0.8933181415656826)
(20, 0.8824969025845955)
(24, 0.835270211411272)
(33, 0.7115479292875367)
(37, 0.6519336408973454)
(43, 0.5611244848201744)
(48, 0.4867522559599717)
(48, 0.4867522559599717)
(50, 0.45783336177161427)
(55, 0.3885581275123641)
(56, 0.37531109885139957)
(57, 0.3622891967667557)
(60, 0.32465246735834974)
(62, 0.30081795435727554)
(63, 0.2892937994995617)
(64, 0.27803730045319414)
(65, 0.26705183522634335)
(67, 0.24590438437706766)
(70, 0.2162651668298873)
(71, 0.20694287292767763)
(72, 0.19789869908361465)
(73, 0.18913154513822555)
(75, 0.17242162389375282)
(76, 0.1644744565771549)
(88, 0.08892161745938634)
(88, 0.08892161745938634)
(89, 0.08413669343194795)
(92, 0.07100535373963698)
(94, 0.06321270307528885)
(99, 0.046756008847947915)
(111, 0.021273087559681585)
(111, 0.021273087559681585)
(112, 0.019841094744370288)
(118, 0.01289068914400147)
(118, 0.01289068914400147)
(120, 0.011108996538242306)
(122, 0.009549657395020308)
(127, 0.006471725588008009)
(128, 0.005976022895005943)
(129, 0.005514840763714726)
(133, 0.003974674186084996)
(143, 0.0016777318282638809)
(145, 0.0014013594188853921)
(152, 0.0007318024188804728)
(153, 0.000665273382688759)
(157, 0.0004515553957239617)
(158, 0.0004092231302281789)
(161, 0.0003034442969179204)
(163, 0.00024781885551435306)
(164, 0.00022374579372062055)
(166, 0.00018204621036700636)
(174, 7.780926861553764e-05)
(176, 6.252150377482026e-05)
(182, 3.195282377442304e-05)
(181, 3.5791057008347414e-05)
(174, 7.780926861553764e-05)
(171, 0.00010752227742560714)
(170, 0.00011961288358102437)
(170, 0.00011961288358102437)
(168, 0.00014774836023203364)
(166, 0.00018204621036700636)
(166, 0.00018204621036700636)
(165, 0.0002018849656009158)
(160, 0.00033546262790251185)
(159, 0.00037062770120352125)
(158, 0.0004092231302281789)
(157, 0.0004515553957239617)
(155, 0.0005487802334320488)
(151, 0.0008044815703484609)
(151, 0.0008044815703484609)
(139, 0.00238677427596328)
(138, 0.002602585252725403)
(137, 0.0028361366142959084)
(136, 0.0030887154082367687)
(133, 0.003974674186084996)
(129, 0.005514840763714726)
(127, 0.006471725588008009)
(127, 0.006471725588008009)
(122, 0.009549657395020308)
(119, 0.0119704699443895)
(118, 0.01289068914400147)
(110, 0.022794180883612344)
(110, 0.022794180883612344)
(108, 0.026121409853918233)
(95, 0.059587318761986086)
(94, 0.06321270307528885)
(92, 0.07100535373963698)
(88, 0.08892161745938634)
(84, 0.11025052530448522)
(83, 0.11615700635209689)
(82, 0.12230345334690061)
(79, 0.14222961788539537)
(78, 0.14938177525041801)
(77, 0.15679555808603973)
(74, 0.18063985161889398)
(59, 0.33695277229782516)
(58, 0.3495006001997565)
(58, 0.3495006001997565)
(57, 0.3622891967667557)
(54, 0.40202138309465485)
(48, 0.4867522559599717)
(43, 0.5611244848201744)
(42, 0.5762290736717999)
(35, 0.6819407511903481)
(32, 0.7261490370736909)
(27, 0.7962735471294193)
(26, 0.8095716486678869)
(24, 0.835270211411272)
(22, 0.8596327636025423)
(22, 0.8596327636025423)
(20, 0.8824969025845955)
(17, 0.913645626396729)
(15, 0.9321024923595276)
(7, 0.9848041402180955)
(2, 0.9987507809245809)
(1, 0.9996875488230391)
(3, 0.9971914513728449)
(9, 0.9750051752984178)
(14, 0.9405880633643421)
(15, 0.9321024923595276)
(26, 0.8095716486678869)
(35, 0.6819407511903481)
(36, 0.6669768108584744)
(37, 0.6519336408973454)
(39, 0.6216907477471932)
(43, 0.5611244848201744)
(45, 0.5310959910353452)
(46, 0.5162056739454963)
(50, 0.45783336177161427)
(52, 0.42955735821073915)
(54, 0.40202138309465485)
(54, 0.40202138309465485)
(58, 0.3495006001997565)
(59, 0.33695277229782516)
(63, 0.2892937994995617)
(64, 0.27803730045319414)
(67, 0.24590438437706766)
(69, 0.22586619783851447)
(77, 0.15679555808603973)
(78, 0.14938177525041801)
(80, 0.1353352832366127)
(82, 0.12230345334690061)
(83, 0.11615700635209689)
(84, 0.11025052530448522)
(86, 0.09913725251074738)
(92, 0.07100535373963698)
(97, 0.05284921077918517)
(102, 0.03872577035166435)
(106, 0.029859566641115533)
(107, 0.027936743088624462)
(108, 0.026121409853918233)
(109, 0.02440877695727191)
(111, 0.021273087559681585)
(112, 0.019841094744370288)
(113, 0.01849393386236907)
(114, 0.017227471311635108)
(118, 0.01289068914400147)
(123, 0.008845800078554643)
(138, 0.002602585252725403)
(148, 0.0010647662366679205)
(149, 0.0009703900052560061)
(155, 0.0005487802334320488)
(156, 0.0004979554215032735)
(157, 0.0004515553957239617)
(159, 0.00037062770120352125)
(159, 0.00037062770120352125)
(160, 0.00033546262790251185)
(166, 0.00018204621036700636)
(172, 9.659341372218401e-05)
(173, 8.672117248599528e-05)
(174, 7.780926861553764e-05)
(175, 6.97695771959971e-05)
(176, 6.252150377482026e-05)
(182, 3.195282377442304e-05)
(180, 4.006529739295107e-05)
(179, 4.482195372807148e-05)
(176, 6.252150377482026e-05)
(175, 6.97695771959971e-05)
(172, 9.659341372218401e-05)
(171, 0.00010752227742560714)
(162, 0.0002743104674934012)
(156, 0.0004979554215032735)
(152, 0.0007318024188804728)
(146, 0.0012795459378999237)
(128, 0.005976022895005943)
(125, 0.0075756774442599355)
(121, 0.010303078962692466)
(121, 0.010303078962692466)
(119, 0.0119704699443895)
(111, 0.021273087559681585)
(103, 0.036322695961098245)
(102, 0.03872577035166435)
(102, 0.03872577035166435)
(101, 0.04126203298553197)
(99, 0.046756008847947915)
(98, 0.0497248734123496)
(92, 0.07100535373963698)
(87, 0.09391994579900442)
(83, 0.11615700635209689)
(83, 0.11615700635209689)
(79, 0.14222961788539537)
(77, 0.15679555808603973)
(73, 0.18913154513822555)
(63, 0.2892937994995617)
(59, 0.33695277229782516)
(58, 0.3495006001997565)
(58, 0.3495006001997565)
(48, 0.4867522559599717)
(44, 0.5460744266397094)
(42, 0.5762290736717999)
(35, 0.6819407511903481)
(33, 0.7115479292875367)
(25, 0.8225775623986646)
(22, 0.8596327636025423)
(19, 0.8933181415656826)
(19, 0.8933181415656826)
(17, 0.913645626396729)
(15, 0.9321024923595276)
(14, 0.9405880633643421)
(4, 0.9950124791926823)
(0, 1.0)
(1, 0.9996875488230391)
(8, 0.9801986733067553)
(14, 0.9405880633643421)
(18, 0.903707077873196)
(20, 0.8824969025845955)
(22, 0.8596327636025423)
(27, 0.7962735471294193)
(32, 0.7261490370736909)
(32, 0.7261490370736909)
(36, 0.6669768108584744)
(46, 0.5162056739454963)
(48, 0.4867522559599717)
(54, 0.40202138309465485)
(62, 0.30081795435727554)
(63, 0.2892937994995617)
(69, 0.22586619783851447)
(72, 0.19789869908361465)
(76, 0.1644744565771549)
(82, 0.12230345334690061)
(83, 0.11615700635209689)
(88, 0.08892161745938634)
(89, 0.08413669343194795)
(93, 0.06701676278920729)
(96, 0.056134762834133725)
(97, 0.05284921077918517)
(97, 0.05284921077918517)
(100, 0.04393693362340742)
(101, 0.04126203298553197)
(115, 0.01603770927535055)
(118, 0.01289068914400147)
(128, 0.005976022895005943)
(133, 0.003974674186084996)
(136, 0.0030887154082367687)
(141, 0.0020035944229487173)
(143, 0.0016777318282638809)
(144, 0.001533810679324463)
(146, 0.0012795459378999237)
(146, 0.0012795459378999237)
(147, 0.0011675911484396373)
(148, 0.0010647662366679205)
(150, 0.00088382630693505)
(154, 0.0006044147037595555)
(155, 0.0005487802334320488)
(160, 0.00033546262790251185)
(163, 0.00024781885551435306)
(163, 0.00024781885551435306)
(165, 0.0002018849656009158)
(166, 0.00018204621036700636)
(169, 0.00013297990917335653)
(169, 0.00013297990917335653)
(174, 7.780926861553764e-05)
(176, 6.252150377482026e-05)
(182, 3.195282377442304e-05)
(182, 3.195282377442304e-05)
(180, 4.006529739295107e-05)
(179, 4.482195372807148e-05)
(179, 4.482195372807148e-05)
(176, 6.252150377482026e-05)
(174, 7.780926861553764e-05)
(172, 9.659341372218401e-05)
(164, 0.00022374579372062055)
(162, 0.0002743104674934012)
(156, 0.0004979554215032735)
(149, 0.0009703900052560061)
(145, 0.0014013594188853921)
(143, 0.0016777318282638809)
(138, 0.002602585252725403)
(138, 0.002602585252725403)
(137, 0.0028361366142959084)
(134, 0.003656495880052896)
(133, 0.003974674186084996)
(132, 0.004317840007633078)
(131, 0.004687703384188438)
(129, 0.005514840763714726)
(128, 0.005976022895005943)
(127, 0.006471725588008009)
(124, 0.008188701014374083)
(119, 0.0119704699443895)
(114, 0.017227471311635108)
(109, 0.02440877695727191)
(106, 0.029859566641115533)
(105, 0.0318947933621571)
(102, 0.03872577035166435)
(91, 0.07518432604527113)
(88, 0.08892161745938634)
(85, 0.10457900128900145)
(74, 0.18063985161889398)
(72, 0.19789869908361465)
(70, 0.2162651668298873)
(67, 0.24590438437706766)
(64, 0.27803730045319414)
(60, 0.32465246735834974)
(58, 0.3495006001997565)
(57, 0.3622891967667557)
(52, 0.42955735821073915)
(49, 0.4722189612556538)
(46, 0.5162056739454963)
(43, 0.5611244848201744)
(38, 0.6368316143717432)
(36, 0.6669768108584744)
(31, 0.7405867511567519)
(29, 0.7688860499307919)
(26, 0.8095716486678869)
(22, 0.8596327636025423)
(18, 0.903707077873196)
(10, 0.9692332344763441)
(2, 0.9987507809245809)
(1, 0.9996875488230391)
(0, 1.0)
(3, 0.9971914513728449)
(3, 0.9971914513728449)
(6, 0.9888130446112331)
(9, 0.9750051752984178)
(10, 0.9692332344763441)
(10, 0.9692332344763441)
(11, 0.9628934664913628)
(13, 0.948557850406423)
(19, 0.8933181415656826)
(23, 0.8476287787021358)
(30, 0.7548396019890073)
(34, 0.6968047754960348)
(37, 0.6519336408973454)
(44, 0.5460744266397094)
(44, 0.5460744266397094)
(49, 0.4722189612556538)
(52, 0.42955735821073915)
(54, 0.40202138309465485)
(60, 0.32465246735834974)
(66, 0.2563401514150736)
(67, 0.24590438437706766)
(76, 0.1644744565771549)
(79, 0.14222961788539537)
(80, 0.1353352832366127)
(87, 0.09391994579900442)
(89, 0.08413669343194795)
(91, 0.07518432604527113)
(91, 0.07518432604527113)
(93, 0.06701676278920729)
(95, 0.059587318761986086)
(97, 0.05284921077918517)
(98, 0.0497248734123496)
(104, 0.034047454734599344)
(104, 0.034047454734599344)
(105, 0.0318947933621571)
(110, 0.022794180883612344)
(122, 0.009549657395020308)
(124, 0.008188701014374083)
(124, 0.008188701014374083)
(128, 0.005976022895005943)
(138, 0.002602585252725403)
(138, 0.002602585252725403)
(139, 0.00238677427596328)
(142, 0.0018340108300731598)
(143, 0.0016777318282638809)
(146, 0.0012795459378999237)
(146, 0.0012795459378999237)
(149, 0.0009703900052560061)
(150, 0.00088382630693505)
(158, 0.0004092231302281789)
(158, 0.0004092231302281789)
(159, 0.00037062770120352125)
(166, 0.00018204621036700636)
(167, 0.00016405439636221056)
(169, 0.00013297990917335653)
(170, 0.00011961288358102437)
(172, 9.659341372218401e-05)
(173, 8.672117248599528e-05)
(181, 3.5791057008347414e-05)
(174, 7.780926861553764e-05)
(170, 0.00011961288358102437)
(167, 0.00016405439636221056)
(166, 0.00018204621036700636)
(164, 0.00022374579372062055)
(157, 0.0004515553957239617)
